3_Computer_Repair_Service;659.931363;[37.178092, 36.287367];[1862, 1862];[16, 14];[68.772298, 75.395974];[2004, 2002];[150, 172];[220.303741, 221.990366];[2288.0, 2310.0];[128.6, 131.8];1
4_Expense_Handling_Process;286.786943;[35.16575];[1833];[13];[56.638693];[1972];[93];[194.979543];[2197.0];[119.6];0
8_Mikkeller_webshop;783.715468;[37.954351, 37.004826];[1900, 1900];[15, 14];[76.587581, 81.255571];[2041, 2040];[186, 199];[200.71993400000002, 350.188172];[2353.0, 2375.0];[109.8, 257.2];1
10_Design_approval;672.14791;[36.960304, 35.303329];[1824, 1824];[15, 15];[74.815438, 77.669198];[1965, 1965];[156, 178];[240.050741, 207.345134];[2256.0, 2271.0];[147.8, 114.4];1
15_Long_term_renting_process;592.095175;[38.412442];[2142];[13];[112.27204];[2281];[304];[441.407315];[2722.0];[304.8];0
16_Bicycle_Rental_Process;1789.20585;[44.773968, 44.661829, 44.226469];[2095, 2095, 2095];[26, 26, 26];[113.381008, 128.637239, 136.101736];[2248, 2248, 2248];[338, 418, 457];[398.225742, 448.444487, 430.745299];[2693.0, 2770.0, 2827.0];[264.2, 307.2, 269.8];2
3_Computer_Repair_Service;1254.639133;[30.13438, 34.058895, 30.120413];[1862, 1862, 1862];[19, 27, 16];[70.864458, 74.56538, 81.468463];[1999, 2012, 2004];[143, 148, 161];[252.984266, 357.01266300000003, 323.42517499999997];[2274.0, 2286.0, 2291.0];[131.8, 192.6, 167.8];2
4_Expense_Handling_Process;302.773029;[28.443659];[1833];[13];[58.489277];[1972];[98];[215.83802599999996];[2207.0];[100.6];0
8_Mikkeller_webshop;461.754342;[30.202812];[1900];[16];[84.934786];[2042];[180];[346.613902];[2356.0];[183.6];0
10_Design_approval;426.853841;[28.895376];[1824];[15];[81.459271];[1965];[162];[316.496836];[2270.0];[164.0];0
3_Computer_Repair_Service;487.966638;[30.119636];[1862];[15];[78.238265];[2003];[159];[379.606261];[2295.0];[214.6];0
4_Expense_Handling_Process;1405.238127;[28.529719, 29.316769, 28.554079, 30.295469, 31.359734];[1833, 1833, 1833, 1833, 1833];[13, 13, 13, 14, 13];[59.595676, 55.888721, 57.453651, 54.743851, 49.280822];[1972, 1972, 1972, 1972, 1972];[101, 91, 86, 78, 67];[213.500754, 229.701697, 208.548268, 170.878651, 157.58313800000002];[2210.0, 2198.0, 2195.0, 2186.0, 2176.0];[107.8, 115.0, 96.8, 76.0, 64.0];4
3_Computer_Repair_Service;1722.76885;[36.765972, 36.834286, 36.943297, 36.489356, 44.889416, 36.694163, 37.366704];[1862, 1862, 1862, 1862, 1862, 1862, 1862];[17, 16, 19, 14, 106, 16, 23];[57.679461, 55.824655, 58.302698, 54.14672, 50.6761, 54.554061, 54.632149];[2005, 2004, 2009, 2002, 2102, 2004, 2013];[173, 170, 213, 158, 116, 170, 174];[139.19123399999998, 149.03539, 159.653124, 182.820042, 153.392634, 156.312423, 130.553535];[2311.0, 2299.0, 2351.0, 2294.0, 2254.0, 2299.0, 2302.0];[112.0, 148.2, 163.0, 214.2, 170.4, 171.8, 122.8];6
