3_Computer_Repair_Service;559.110065;[33.229581, 30.813769, 36.226268];[1862, 1862, 1862];[12, 12, 12];[66.723982, 79.211822, 69.659766];[2000, 2000, 1999];[153, 179, 142];[84.835062, 87.344446, 71.060398];[2429, 2454, 2418];[354, 307, 238];2
3_Computer_Repair_Service;191.208909;[34.505534];[1862];[17];[68.452998];[2005];[152];[88.248582];[2421];[288];0
4_Expense_Handling_Process;427.495432;[35.677024, 36.398421, 36.369065];[1833, 1833, 1833];[14, 13, 13];[53.367113, 57.447529, 55.441852];[1972, 1972, 1972];[77, 88, 84];[44.036395, 42.239678, 66.514484];[2319, 2330, 2326];[126, 118, 236];2
8_Mikkeller_webshop;394.093847;[36.167108, 36.669283];[1900, 1900];[7, 14];[74.27734, 76.629246];[2033, 2040];[160, 180];[92.50525, 77.842361];[2483, 2494];[358, 283];1
10_Design_approval;153.441839;[36.128294];[1824];[15];[69.629621];[1965];[161];[47.681868];[2392];[141];0
15_Long_term_renting_process;639.202196;[43.115905, 42.565214];[2142, 2142];[13, 13];[118.249573, 124.534401];[2281, 2281];[334, 366];[166.070033, 144.663714];[2889, 2907];[614, 548];1
16_Bicycle_Rental_Process;535.304199;[45.134416, 44.609421];[2095, 2095];[26, 26];[141.497557, 116.914965];[2248, 2248];[507, 356];[109.42206, 77.722002];[3015, 2847];[350, 240];1
18_nan;310.173184;[54.550459];[2386];[40];[139.507597];[2550];[446];[116.112002];[3222];[391];0
1_Hospital_Workflow;181.279608;[32.503471];[1950];[16];[76.37493];[2092];[162];[72.399349];[2519];[256];0
13_Translation_Order_Handling_Process;285.719045;[39.850553];[1980];[13];[100.280559];[2119];[301];[145.585926];[2680];[675];0
5_Quality_control_of_medical_products;249.474041;[33.164674];[1934];[20];[90.480527];[2080];[264];[125.826697];[2612];[566];0
