3_Computer_Repair_Service;218.067407;[20.418484, 17.898583];[2066, 2066];[28, 19];[40.153126, 49.993777];[2480, 2477];[141, 210];[51.782295, 37.818025];[3239, 3298];[246, 143];1
3_Computer_Repair_Service;278.219217;[22.970494, 22.954072];[2066, 2066];[26, 21];[61.099441, 59.279119];[2487, 2473];[156, 139];[56.362699, 55.550709];[3248, 3239];[141, 141];1
3_Computer_Repair_Service;683.71761;[31.666541, 34.930991, 35.341224];[2066, 2066, 2066];[13, 23, 22];[90.88568, 88.563681, 79.393287];[2465, 2477, 2473];[202, 193, 155];[96.891634, 120.98481, 105.05591];[3290, 3292, 3266];[262, 356, 281];2
4_Expense_Handling_Process;545.22654;[30.896897, 31.377433, 31.323561];[2037, 2037, 2037];[11, 11, 11];[64.051161, 72.678041, 79.652498];[2436, 2436, 2436];[99, 128, 150];[77.19997, 68.563175, 89.480269];[3163, 3198, 3219];[173, 156, 216];2
8_Mikkeller_webshop;222.262873;[35.129882];[2104];[17];[96.031959];[2507];[208];[91.099641];[3345];[223];0
10_Design_approval;568.013963;[33.752163, 34.808721, 32.768245];[2028, 2028, 2028];[19, 24, 16];[73.326549, 67.989979, 71.166139];[2439, 2445, 2429];[133, 116, 128];[69.572774, 94.816078, 89.807438];[3203, 3185, 3182];[151, 252, 234];2
15_Long_term_renting_process;705.342125;[40.672854, 40.810861];[2346, 2346];[24, 24];[127.02984, 87.183379];[2763, 2763];[334, 166];[126.535891, 283.106226];[3713, 3544];[354, 1365];1
16_Bicycle_Rental_Process;267.969139;[39.880343];[2299];[25];[113.512848];[2710];[269];[114.573943];[3616];[303];0
18_nan;911.055991;[43.437287, 45.709032, 44.572583];[2590, 2590, 2590];[23, 27, 27];[130.203159, 112.250568, 117.882478];[3004, 3004, 3004];[332, 248, 269];[144.409794, 119.908774, 152.677616];[3939, 3889, 3892];[399, 306, 460];2
1_Hospital_Workflow;190.409974;[33.09624];[2154];[11];[65.78502];[2551];[95];[91.526623];[3283];[224];0
5_Quality_control_of_medical_products;665.53927;[35.939404, 36.817609];[2138, 2138];[19, 21];[109.287875, 247.70013];[2549, 2552];[267, 1059];[126.056356, 109.731256];[3437, 4322];[366, 231];1
8_Mikkeller_webshop;167.046014;[19.62667];[2104];[18];[62.00906];[2513];[173];[85.408661];[3321];[292];0
13_Translation_Order_Handling_Process;132.660741;[22.840776];[2184];[29];[49.406192];[2606];[146];[60.411562];[3362];[266];0
