3_Computer_Repair_Service;233.164315;[18.708922, 17.525515];[1877, 1877];[22, 31];[65.98596, 50.93175];[2031, 2034];[383, 256];[40.140169, 39.869244];[2673, 2566];[207, 212];1
3_Computer_Repair_Service;166.535396;[18.783532];[1877];[16];[75.462531];[2018];[233];[72.28666];[2542];[251];0
3_Computer_Repair_Service;621.133513;[70.421409, 31.980463, 30.846852];[1877, 1877, 1877];[97, 21, 17];[59.078266, 78.804343, 93.875613];[2107, 2023, 2023];[96, 180, 255];[65.62823, 96.840938, 93.653504];[2387, 2477, 2567];[186, 315, 300];2
4_Expense_Handling_Process;740.393587;[28.302971, 29.654697, 32.189608, 27.812253, 28.931588];[1848, 1848, 1848, 1848, 1848];[11, 14, 20, 11, 11];[57.726786, 49.98472, 54.07099, 57.974964, 70.37024];[1987, 1987, 2000, 1987, 1987];[100, 79, 89, 109, 154];[62.643537, 46.955152, 65.790126, 66.758342, 61.221684];[2362, 2347, 2358, 2364, 2417];[169, 121, 192, 199, 168];4
8_Mikkeller_webshop;205.439377;[28.626448];[1915];[10];[75.242857];[2052];[162];[101.569055];[2512];[309];0
10_Design_approval;302.156848;[31.670978, 29.08889];[1839, 1839];[20, 13];[66.932944, 64.982027];[1989, 1980];[136, 134];[75.763401, 33.715809];[2383, 2395];[228, 64];1
15_Long_term_renting_process;736.923871;[38.336679, 35.398315, 34.11216];[2157, 2157, 2157];[28, 17, 14];[92.881407, 93.855563, 114.274185];[2311, 2299, 2296];[226, 227, 304];[95.103979, 131.637483, 101.319802];[2783, 2787, 2895];[284, 450, 299];2
16_Bicycle_Rental_Process;444.019348;[36.200568, 33.674699];[2110, 2110];[20, 15];[100.774507, 104.748178];[2258, 2252];[255, 276];[76.59806, 92.020364];[2765, 2800];[212, 277];1
18_nan;290.5335;[42.036461];[2401];[27];[113.943307];[2555];[287];[134.551305];[3125];[437];0
1_Hospital_Workflow;521.872593;[29.290691, 30.50599, 29.980236];[1965, 1965, 1965];[11, 11, 12];[65.26139, 55.924862, 67.743614];[2103, 2103, 2103];[119, 92, 129];[64.629076, 68.913124, 109.619304];[2493, 2471, 2509];[181, 199, 360];2
5_Quality_control_of_medical_products;432.669166;[33.154781, 34.231054];[1949, 1949];[21, 24];[93.141885, 106.45568];[2097, 2100];[217, 282];[85.142044, 80.540387];[2580, 2630];[240, 231];1
8_Mikkeller_webshop;601.39596;[19.963402, 20.19741, 19.417431, 20.36388];[1915, 1915, 1915, 1915];[27, 17, 18, 23];[60.962023, 65.358289, 66.457259, 49.014267];[2073, 2061, 2060, 2068];[188, 204, 222, 136];[40.204035, 70.034748, 86.534375, 82.883721];[2506, 2533, 2551, 2475];[125, 286, 351, 326];3
13_Translation_Order_Handling_Process;141.807071;[17.042483];[1995];[17];[53.861426];[2142];[248];[70.900701];[2678];[386];0
8_Mikkeller_webshop;444.887937;[175.152323, 3.580888];[1915, 1915];[32, 23];[91.022029, 36.769002];[2081, 2067];[213, 184];[76.654957, 61.70618];[2555, 2514];[274, 302];1
16_Bicycle_Rental_Process;385.619063;[16.221827, 4.127483];[2110, 2110];[31, 26];[70.579703, 78.371978];[2267, 2262];[321, 332];[97.987096, 118.327764];[2846, 2870];[337, 511];1
